0.5856546759605408
0.595778226852417
0.5871176719665527
0.5623263120651245
0.5834001302719116
0.5496343970298767
0.5773058533668518
0.5885019898414612
0.5732977390289307
0.569816529750824
0.5669951438903809
0.5534419417381287
0.5798158049583435
0.5698341131210327
0.569705069065094
0.5535605549812317
0.5397149920463562
0.5747175216674805
0.5734413862228394
0.5597439408302307
0.5584582686424255
0.5622488260269165
0.5597478151321411
0.5687263607978821
0.5710187554359436
0.5723190307617188
0.5684813857078552
0.5559968948364258
0.5584922432899475
0.5720552802085876
0.5669811367988586
0.5698889493942261
0.5662590265274048
0.5745178461074829
0.5709266662597656
0.567186176776886
0.5596563220024109
0.5671325325965881
0.5788189172744751
0.5547261238098145
0.5560484528541565
0.5585071444511414
0.5460172891616821
0.5770707130432129
0.5697980523109436
0.6449851393699646
0.6187251210212708
0.6387874484062195
0.6614884734153748
0.6134042143821716
0.6410232186317444
0.5788016319274902
0.569722056388855
0.5623149871826172
0.5646565556526184
0.5870741605758667
0.5898872017860413
0.5683755874633789
0.581144392490387
0.5720165371894836
0.5583140254020691
0.5536317825317383
0.552261471748352
0.570797324180603
0.584648847579956
0.5739352107048035
0.5623871088027954
0.5709549784660339
0.564788281917572
0.5810749530792236
0.5658045411109924
0.5570900440216064
0.5633634328842163
0.5609714984893799
0.5761590600013733
0.6306436657905579
0.7005524635314941
0.6230899691581726
0.5755993723869324
0.5710822343826294
0.5818834900856018
0.5736339092254639
0.5771580338478088
0.5711549520492554
0.603296160697937
0.5772089958190918
0.5672025680541992
0.5623167753219604
0.5856698751449585
0.5873090028762817
0.5774542689323425
0.5774408578872681
0.5638059973716736
0.5720487236976624
0.5736124515533447
0.5673733353614807
0.5867370963096619
0.5785909295082092
0.5649900436401367
0.5708089470863342
0.5873608589172363
0.6046938896179199
0.5667009949684143
0.5918154120445251
0.5731773376464844
0.5573248863220215
0.5684882402420044
0.5559566617012024
0.5585065484046936
0.5622711777687073
0.5535167455673218
0.5748143792152405
0.5725613236427307
0.5811172723770142
0.572267472743988
0.5773758888244629
0.5622181296348572
0.5720207095146179
0.5745702981948853
0.5666917562484741
0.5582904815673828
0.5584162473678589
0.5460178852081299
0.5535686016082764
0.5671900510787964
0.5709615349769592
0.5788758397102356
0.5834782123565674
0.5797222256660461
0.5917865037918091
0.5657455325126648
0.5844709277153015
0.5643957853317261
0.5899316072463989
0.5758768320083618
0.5836844444274902
0.5962377786636353
0.5919620394706726
0.582243800163269
0.5712968111038208
0.5671647191047668
0.5947089195251465
0.5860427021980286
0.6061238050460815
0.5810496211051941
0.5806711316108704
0.5700331926345825
0.570594072341919
0.5611363053321838
0.5934825539588928
0.5822905898094177
0.5823346972465515
0.5704590678215027
0.5750441551208496
0.5825629830360413
0.5811440944671631
0.5771949887275696
0.5572500824928284
0.5535906553268433
0.5770677328109741
0.5787327885627747
0.5761563777923584
1.6275927424430847
1.3196980953216553
1.4153888821601868
1.5374305844306946
1.468941867351532
1.4655432105064392
1.4312288165092468
1.3302633166313171
1.162165105342865
1.0114750266075134
1.0756593942642212
0.9781444072723389
0.9888032078742981
0.9446218609809875
0.8646905422210693
0.8106672763824463
0.7533538341522217
0.7667171955108643
0.6474661827087402
0.5844810605049133
0.5566757917404175
0.5823120474815369
0.5668929219245911
0.5631232261657715
0.5270040035247803
0.5773687362670898
0.611061155796051
0.5424061417579651
0.571461021900177
0.5487260222434998
0.5890217423439026
0.5319514870643616
0.5594584345817566
0.5653569102287292
0.5855065584182739
0.5914163589477539
0.5816555023193359
0.6225684285163879
0.5988919734954834
0.5634048581123352
0.613274872303009
0.5821114778518677
0.5883082747459412
0.5876019597053528
0.6222283840179443
0.5806002020835876
0.5961433053016663
0.5508172512054443
0.5862554907798767
0.5678597092628479
0.6816712021827698
0.6348392367362976
0.5977103114128113
0.5951246619224548
0.6728091835975647
0.6405308842658997
0.6288942694664001
0.5973395705223083
0.6398224830627441
0.6269896030426025
1.167733073234558
0.5760115385055542
0.5607125163078308
0.5436486005783081
0.5658179521560669
0.5711740255355835
0.559624433517456
0.552307665348053
0.5560335516929626
0.5672675371170044
0.5795961618423462
0.5572783946990967
0.5684787034988403
0.5642616748809814
0.5581575632095337
0.5609801411628723
0.5447691679000854
0.5683580040931702
0.573175847530365
0.5539849400520325
0.5584460496902466
0.568336546421051
0.5859661102294922
0.5424600839614868
0.5620920658111572
0.5607610940933228
0.5747371912002563
0.5585625767707825
0.5587300658226013
0.5548647046089172
0.5522105097770691
0.5619892477989197
0.5675193667411804
0.5722224712371826
0.5875658988952637
0.5758243799209595
0.5721929669380188
0.5560013651847839
0.5684757232666016
0.5610299110412598
0.5618178844451904
0.5696147680282593
0.56223064661026
0.563390851020813
0.5660632252693176
0.5682310461997986
0.5637380480766296
0.5776366591453552
0.5710142850875854
0.5712085962295532
0.5660921335220337
0.5810761451721191
0.5737325549125671
0.5916300415992737
0.5759561061859131
0.542236864566803
0.5557513236999512
0.6159570813179016
0.5665290355682373
0.5835863947868347
0.5785602331161499
0.5596378445625305
0.5823427438735962
0.6007835268974304
0.5921390652656555
0.5809259414672852
0.574658215045929
0.5470293760299683
0.5708113312721252
0.562351644039154
0.5487698316574097
0.5537030100822449
0.5672526359558105
0.5733689665794373
0.5646610260009766
0.5712452530860901
0.5784931778907776
0.5583971738815308
0.5734372138977051
0.5632182955741882
0.5660715699195862
0.5597558617591858
0.5635678768157959
0.5609840154647827
0.5547770857810974
0.5646595358848572
0.5670809745788574
0.5959132313728333
0.5588099360466003
0.5550405383110046
0.564555823802948
0.5647739768028259
0.5820375680923462
0.5582645535469055
0.5682510137557983
0.5496606230735779
0.5833154916763306
0.5610385537147522
0.5884864926338196
0.5737432837486267
0.5551794171333313
0.5411341786384583
0.5697730183601379
0.5701735615730286
0.5610954761505127
0.5795338749885559
0.5610251426696777
0.5582433938980103
0.5728986859321594
0.565812885761261
0.564475953578949
0.5696943402290344
0.5537652969360352
0.5672428011894226
0.563909113407135
0.5659949779510498
0.5534911155700684
0.5725029110908508
0.553356409072876
0.5621325969696045
0.5611911416053772
0.5547827482223511
0.5524176359176636
0.5719324946403503
0.5584809184074402
0.5894988775253296
0.5612602829933167
0.5708715319633484
0.5746906995773315
0.6331244111061096
0.6617838144302368
0.6154075264930725
0.6324413418769836
0.6248664855957031
0.6103721261024475
0.5813503265380859
0.5733281373977661
0.5680480599403381
0.5623683333396912
0.5707347393035889
0.6190982460975647
0.5696097016334534
0.550723671913147
0.5723994970321655
0.5748432874679565
0.5824464559555054
0.5760693550109863
0.5836623907089233
0.5719518661499023
0.5637264251708984
0.5598068237304688
0.5711480975151062
0.5648261308670044
0.5759450793266296
0.5707573890686035
0.5585440993309021
0.5572131276130676
0.5522745847702026
0.6387737393379211
0.6279224157333374
0.6049522757530212
0.5720508098602295
0.5708494782447815
0.5643805861473083
0.5456739664077759
0.5374109745025635
0.5386251211166382
0.5622848868370056
0.5409571528434753
0.5422767996788025
0.553608238697052
0.5471864342689514
0.5609208345413208
0.5544945597648621
0.5623194575309753
0.554981529712677
0.5586770176887512
0.5685967206954956
0.5547654628753662
0.5711731314659119
0.5622091889381409
0.5621293187141418
0.5758675932884216
0.5621305108070374
0.5569648742675781
0.5599173903465271
0.5746552348136902
0.5747485160827637
0.5507075786590576
0.564681887626648
