0.25303810834884644
0.23543298244476318
0.228215754032135
0.2679350972175598
0.2545657753944397
0.2620294690132141
0.252993106842041
0.23798435926437378
0.23214906454086304
0.24215281009674072
0.23443102836608887
0.22563576698303223
0.23792237043380737
0.22193193435668945
0.24931639432907104
0.2530527114868164
0.23192346096038818
0.2343517541885376
0.2418622374534607
0.24311572313308716
0.24559468030929565
0.23809999227523804
0.23564070463180542
0.2566900849342346
0.24453550577163696
0.24308443069458008
0.2356073260307312
0.24935513734817505
0.2319207787513733
0.23819297552108765
0.22833555936813354
0.2443888783454895
0.2389243245124817
0.24185597896575928
0.26914745569229126
0.24675577878952026
0.2691170573234558
0.23562699556350708
0.24299174547195435
0.248071551322937
0.2231636643409729
0.23936063051223755
0.24436742067337036
0.24188220500946045
0.24680167436599731
0.2765420079231262
0.25566548109054565
0.24826794862747192
0.31056761741638184
0.26026278734207153
0.24240642786026
0.26703566312789917
0.2469545602798462
0.23167133331298828
0.25037050247192383
0.2544763684272766
0.24917930364608765
0.26062965393066406
0.25450944900512695
0.24449646472930908
0.2219870686531067
0.22187650203704834
0.2281409502029419
0.23339956998825073
0.25797873735427856
0.24783194065093994
0.2467745542526245
0.264207124710083
0.21815240383148193
0.23810714483261108
0.23925483226776123
0.2555796504020691
0.2410075068473816
0.23833096027374268
0.24669915437698364
0.25688886642456055
0.28143495321273804
0.2815958857536316
0.23438215255737305
0.26073694229125977
0.25929808616638184
0.2456161379814148
0.23060113191604614
0.24008750915527344
0.2505779266357422
0.24795055389404297
0.24548888206481934
0.24795830249786377
0.25941669940948486
0.22423714399337769
0.24184972047805786
0.23936450481414795
0.22573590278625488
0.25453686714172363
0.24056166410446167
0.2630993723869324
0.2405300736427307
0.24315893650054932
0.2465084195137024
0.27551352977752686
0.233040452003479
0.23062795400619507
0.25590717792510986
0.2570018172264099
0.24214982986450195
0.2579832077026367
0.24563908576965332
0.255565345287323
0.2618032693862915
0.2206510305404663
0.24801969528198242
0.24696111679077148
0.23483484983444214
0.27178674936294556
0.2408677339553833
0.25807708501815796
0.23568570613861084
0.23562192916870117
0.24315416812896729
0.24069994688034058
0.2741265296936035
0.22794842720031738
0.23057013750076294
0.24558722972869873
0.23065060377120972
0.25443851947784424
0.25538861751556396
0.24942278861999512
0.25792956352233887
0.2543279528617859
0.2607494592666626
0.23923516273498535
0.2531009912490845
0.2394309639930725
0.26900798082351685
0.2268904447555542
0.2616792917251587
0.2517509460449219
0.24925380945205688
0.23672670125961304
0.2793887257575989
0.275704562664032
0.271778404712677
0.22159308195114136
0.25551557540893555
0.22725403308868408
0.2344679832458496
0.2146393060684204
0.2593386173248291
0.2418091893196106
0.24926602840423584
0.26549458503723145
0.25470972061157227
0.22822469472885132
0.24288564920425415
0.2470150589942932
0.2582356333732605
0.25560617446899414
0.23444831371307373
0.23451447486877441
0.2391698956489563
0.2644196152687073
0.6404614448547363
0.6989806890487671
0.5856204032897949
0.6487271189689636
0.5822637677192688
0.6570547819137573
0.47897040843963623
0.544809103012085
0.5254602432250977
0.465659499168396
0.49261122941970825
0.45606791973114014
0.4440408945083618
0.3597685694694519
0.3913119435310364
0.3248029947280884
0.31994372606277466
0.36869943141937256
0.3489851951599121
0.26614516973495483
0.2332514524459839
0.27812033891677856
0.21270990371704102
0.2364635467529297
0.2105712890625
0.23348838090896606
0.2931573987007141
0.22794485092163086
0.25862276554107666
0.23797988891601562
0.25054484605789185
0.21942675113677979
0.21193891763687134
0.2060145139694214
0.30612409114837646
0.2379673719406128
0.27126312255859375
0.24769365787506104
0.33544600009918213
0.255606472492218
0.22343814373016357
0.24365752935409546
0.27887046337127686
0.25880903005599976
0.26759475469589233
0.2791261672973633
0.25180429220199585
0.24896055459976196
0.2297496795654297
0.27537792921066284
0.28159916400909424
0.27340978384017944
0.22570550441741943
0.24933665990829468
0.27183204889297485
0.25175660848617554
0.2511635422706604
0.23037970066070557
0.27905821800231934
0.2315455675125122
0.6346529722213745
0.27155280113220215
0.23695677518844604
0.2472686767578125
0.23711085319519043
0.23326009511947632
0.25433868169784546
0.22686690092086792
0.24434059858322144
0.26178866624832153
0.2367684245109558
0.23572593927383423
0.2671054005622864
0.26010215282440186
0.2241736650466919
0.23184865713119507
0.2344098687171936
0.2256685495376587
0.24446189403533936
0.2515745162963867
0.24077415466308594
0.2445685863494873
0.2503138780593872
0.23927241563796997
0.252135694026947
0.2396625280380249
0.2543172240257263
0.2468070387840271
0.23933768272399902
0.246792733669281
0.2345523238182068
0.24567663669586182
0.24289458990097046
0.2343478798866272
0.24398267269134521
0.219479501247406
0.24319350719451904
0.23429900407791138
0.2231106162071228
0.25303661823272705
0.22957831621170044
0.2457648515701294
0.22432535886764526
0.250527560710907
0.2491489052772522
0.24940669536590576
0.2392229437828064
0.23663997650146484
0.23191243410110474
0.24568110704421997
0.23437172174453735
0.22928714752197266
0.26522397994995117
0.22407114505767822
0.24208664894104004
0.22811055183410645
0.2368423342704773
0.26547104120254517
0.2516961097717285
0.22571980953216553
0.24814307689666748
0.26462316513061523
0.25693565607070923
0.2367207407951355
0.2466145157814026
0.2480316162109375
0.2583104372024536
0.24576663970947266
0.25935858488082886
0.2455475926399231
0.2428758144378662
0.22675514221191406
0.22920608520507812
0.24427920579910278
0.233117938041687
0.24804413318634033
0.2256762981414795
0.24324476718902588
0.22682517766952515
0.24810343980789185
0.2404242753982544
0.2581319212913513
0.24313300848007202
0.2693396806716919
0.22939354181289673
0.24693071842193604
0.23432523012161255
0.2429857850074768
0.24406492710113525
0.24801671504974365
0.2429121732711792
0.22062689065933228
0.22808313369750977
0.23575693368911743
0.2394390106201172
0.23818165063858032
0.24818986654281616
0.2803066372871399
0.2605125308036804
0.2555385231971741
0.24425536394119263
0.24324148893356323
0.2618005871772766
0.25057166814804077
0.2442324161529541
0.24800211191177368
0.24292826652526855
0.2304437756538391
0.26014596223831177
0.2293461561203003
0.22711753845214844
0.24322420358657837
0.23159503936767578
0.2318677306175232
0.25025516748428345
0.2393379807472229
0.25058120489120483
0.2530065178871155
0.24935811758041382
0.25186002254486084
0.23805618286132812
0.24431735277175903
0.2520400285720825
0.25173187255859375
0.2329719066619873
0.2362227439880371
0.26526421308517456
0.25412052869796753
0.2418091893196106
0.3088781237602234
0.29569536447525024
0.2666664123535156
0.259246826171875
0.25274962186813354
0.25807738304138184
0.2455306053161621
0.23047834634780884
0.24948924779891968
0.24703919887542725
0.2593681216239929
0.27081936597824097
0.2499234676361084
0.24686425924301147
0.24545341730117798
0.2457141876220703
0.24905681610107422
0.25684237480163574
0.2495160698890686
0.25802820920944214
0.22904425859451294
0.2406635880470276
0.24780452251434326
0.23334771394729614
0.2403894066810608
0.23562222719192505
0.2518153190612793
0.2231389284133911
0.23195713758468628
0.26146262884140015
0.27480393648147583
0.2333703637123108
0.2631351351737976
0.2495601773262024
0.24706900119781494
0.23192882537841797
0.25809794664382935
0.23685574531555176
0.23437172174453735
0.2431708574295044
0.23191511631011963
0.24059385061264038
0.24198144674301147
0.237007737159729
0.2256295084953308
0.24688869714736938
0.24917840957641602
0.23551791906356812
